131: [606 5] 1 1 1 1 0 0 0 0 0 
243: [562 5] 0 0 0 1 1 1 0 1 0 
223: [547 5] 0 0 1 1 1 0 1 0 0 
55: [516 5] 1 0 1 0 1 0 0 0 0 
33: [512 5] 0 0 0 1 0 1 0 0 0 
225: [490 5] 0 0 1 1 1 0 0 0 1 
251: [483 5] 0 0 0 1 0 0 1 1 1 
45: [472 5] 0 0 0 0 0 0 1 0 1 
135: [469 5] 1 1 1 0 0 0 0 1 0 
49: [469 5] 1 1 0 0 1 0 0 0 0 
179: [465 5] 1 0 0 0 1 1 0 0 1 
111: [463 5] 0 0 0 1 1 1 0 0 0 
75: [444 5] 0 1 1 1 0 0 0 0 0 
202: [442 5] 0 1 0 1 1 1 0 0 0 
81: [427 5] 0 1 0 1 1 0 0 0 0 
150: [426 5] 1 1 0 0 0 0 1 0 1 
209: [422 5] 0 1 0 1 0 0 1 1 0 
199: [420 5] 0 1 1 0 0 0 1 1 0 
205: [419 5] 0 1 0 1 1 0 0 0 1 
123: [411 5] 0 0 0 0 1 1 0 0 1 
13: [407 5] 1 0 0 1 0 0 0 0 0 
389: [375 5] 1 1 1 1 0 1 0 0 1 
449: [375 5] 0 1 1 0 1 1 1 1 0 
333: [375 5] 0 1 1 1 0 1 0 0 1 
273: [375 5] 1 1 0 1 1 0 1 0 0 
391: [375 5] 1 1 1 1 0 0 1 0 1 
451: [375 5] 0 1 1 0 1 1 0 1 1 
271: [375 5] 1 1 1 0 0 0 0 1 1 
331: [375 5] 0 1 1 1 0 1 1 0 0 
365: [375 5] 0 0 1 1 1 0 1 1 0 
453: [375 5] 0 1 1 0 0 1 1 1 1 
393: [375 5] 1 1 1 0 1 1 1 0 0 
269: [375 5] 1 1 1 0 0 0 1 1 0 
359: [375 5] 0 1 0 0 1 1 0 1 1 
509: [375 5] 1 1 0 1 1 1 1 1 1 
455: [375 5] 0 1 0 1 1 1 1 0 1 
329: [375 5] 0 1 1 1 1 0 0 1 0 
267: [375 5] 1 1 1 0 0 1 0 1 0 
395: [375 5] 1 1 1 0 1 1 0 0 1 
457: [375 5] 0 1 0 1 1 0 1 1 1 
327: [375 5] 0 1 1 1 1 1 0 0 0 
265: [375 5] 1 1 1 0 1 0 0 0 1 
397: [375 5] 1 1 1 0 1 0 1 0 1 
459: [375 5] 0 1 0 0 1 1 1 1 1 
357: [375 5] 0 1 0 0 1 1 1 1 0 
263: [375 5] 1 1 1 0 1 0 1 0 0 
507: [375 5] 1 1 1 1 0 1 1 1 1 
461: [375 5] 0 0 1 1 1 1 1 0 1 
261: [375 5] 1 1 1 1 0 0 0 0 1 
463: [375 5] 0 0 1 1 1 0 1 1 1 
505: [375 5] 1 1 1 1 1 1 0 1 1 
259: [375 5] 1 1 1 1 0 0 1 0 0 
367: [375 5] 0 0 1 1 1 0 0 1 1 
465: [375 5] 0 0 1 0 1 1 1 1 1 
257: [375 5] 1 1 1 1 1 0 0 0 0 
325: [375 5] 1 0 0 0 1 0 1 1 1 
503: [375 5] 1 1 1 1 1 1 1 1 0 
467: [375 5] 1 1 1 1 1 1 1 0 0 
335: [375 5] 0 1 1 1 0 0 1 0 1 
469: [375 5] 1 1 1 1 1 1 0 0 1 
399: [375 5] 1 1 1 0 0 1 1 1 0 
379: [375 5] 0 0 0 1 1 1 0 1 1 
501: [375 5] 0 1 0 1 1 1 1 1 1 
323: [375 5] 1 0 0 0 1 1 1 0 1 
361: [375 5] 0 1 0 0 0 1 1 1 1 
275: [375 5] 1 1 0 1 1 0 0 0 1 
401: [375 5] 1 1 1 0 0 1 0 1 1 
447: [375 5] 0 1 1 1 0 1 0 1 1 
355: [375 5] 0 1 0 1 0 1 0 1 1 
321: [375 5] 1 0 0 1 0 0 1 1 1 
471: [375 5] 1 1 1 1 1 0 1 0 1 
277: [375 5] 1 1 0 1 0 1 0 1 0 
403: [375 5] 1 1 0 1 1 1 1 0 0 
387: [375 5] 1 1 1 1 0 1 1 0 0 
319: [375 5] 1 0 0 1 0 1 1 0 1 
337: [375 5] 0 1 1 0 1 1 1 0 0 
499: [375 5] 0 1 1 1 0 1 1 1 1 
445: [375 5] 0 1 1 1 0 1 1 1 0 
405: [375 5] 1 1 0 1 1 1 0 0 1 
301: [375 5] 1 0 1 1 0 0 0 1 1 
473: [375 5] 1 1 1 1 0 1 1 1 0 
317: [375 5] 1 0 0 1 1 0 0 1 1 
497: [375 5] 0 1 1 1 1 1 0 1 1 
369: [375 5] 0 0 1 1 0 1 1 0 1 
279: [375 5] 1 1 0 1 0 0 1 1 0 
475: [375 5] 1 1 1 1 0 1 0 1 1 
353: [375 5] 0 1 0 1 0 1 1 1 0 
477: [375 5] 1 1 1 0 1 1 1 1 0 
407: [375 5] 1 1 0 1 1 0 1 0 1 
443: [375 5] 0 1 1 1 1 0 1 0 1 
315: [375 5] 1 0 0 1 1 0 1 1 0 
281: [375 5] 1 1 0 1 0 0 0 1 1 
441: [375 5] 0 1 1 1 1 1 0 0 1 
283: [375 5] 1 1 0 0 1 1 0 1 0 
371: [375 5] 0 0 1 1 0 0 1 1 1 
439: [375 5] 0 1 1 1 1 1 1 0 0 
409: [375 5] 1 1 0 1 0 1 1 1 0 
285: [375 5] 1 1 0 0 1 0 1 1 0 
313: [375 5] 1 0 0 1 1 1 0 1 0 
385: [375 5] 1 1 1 1 1 0 0 1 0 
351: [375 5] 0 1 0 1 1 0 1 0 1 
373: [375 5] 0 0 1 0 1 1 1 0 1 
479: [375 5] 1 1 1 0 1 1 0 1 1 
339: [375 5] 0 1 1 0 1 1 0 0 1 
487: [375 5] 1 1 0 0 1 1 1 1 1 
481: [375 5] 1 1 1 0 0 1 1 1 1 
437: [375 5] 1 0 0 1 0 1 1 1 1 
411: [375 5] 1 1 0 1 0 1 0 1 1 
363: [375 5] 0 0 1 1 1 1 0 1 0 
287: [375 5] 1 1 0 0 1 0 0 1 1 
349: [375 5] 0 1 0 1 1 1 0 0 1 
511: [375 5] 0 1 1 1 1 1 1 1 1 
495: [375 5] 0 1 1 1 1 1 1 1 0 
483: [375 5] 1 1 0 1 1 1 1 0 1 
435: [375 5] 1 0 0 1 1 1 0 1 1 
289: [375 5] 1 1 0 0 0 1 1 0 1 
375: [375 5] 0 0 1 0 1 0 1 1 1 
383: [375 5] 1 1 1 1 1 1 0 0 0 
347: [375 5] 0 1 0 1 1 1 1 0 0 
433: [375 5] 1 0 0 1 1 1 1 1 0 
311: [375 5] 1 0 1 0 0 0 1 1 1 
377: [375 5] 0 0 0 1 1 1 1 1 0 
291: [375 5] 1 1 0 0 0 0 1 1 1 
341: [375 5] 0 1 1 0 1 0 1 0 1 
413: [375 5] 1 1 0 0 1 1 1 1 0 
485: [375 5] 1 1 0 1 1 0 1 1 1 
309: [375 5] 1 0 1 0 0 1 1 0 1 
431: [375 5] 1 0 1 0 1 0 1 1 1 
293: [375 5] 1 0 1 1 1 0 1 0 0 
429: [375 5] 1 0 1 0 1 1 1 0 1 
381: [375 5] 0 0 0 1 0 1 1 1 1 
415: [375 5] 1 1 0 0 1 1 0 1 1 
493: [375 5] 1 0 1 0 1 1 1 1 1 
343: [375 5] 0 1 1 0 0 1 1 1 0 
307: [375 5] 1 0 1 0 1 0 0 1 1 
417: [375 5] 1 1 0 0 0 1 1 1 1 
491: [375 5] 1 0 1 1 1 0 1 1 1 
305: [375 5] 1 0 1 0 1 0 1 1 0 
295: [375 5] 1 0 1 1 1 0 0 0 1 
345: [375 5] 0 1 1 0 0 1 0 1 1 
427: [375 5] 1 0 1 1 0 0 1 1 1 
297: [375 5] 1 0 1 1 0 1 0 1 0 
419: [375 5] 1 0 1 1 1 1 0 1 0 
303: [375 5] 1 0 1 0 1 1 0 1 0 
425: [375 5] 1 0 1 1 0 1 1 0 1 
421: [375 5] 1 0 1 1 1 0 1 1 0 
299: [375 5] 1 0 1 1 0 0 1 1 0 
489: [375 5] 1 0 1 1 1 1 1 0 1 
423: [375 5] 1 0 1 1 1 0 0 1 1 
61: [371 5] 1 0 0 1 0 1 0 0 0 
230: [370 5] 0 0 1 1 0 0 1 0 1 
207: [369 5] 0 1 0 1 0 1 0 1 0 
148: [359 5] 1 1 0 0 0 1 0 0 1 
140: [350 5] 1 1 0 1 0 0 0 1 0 
146: [493 4] 1 1 0 0 0 1 1 0 0 
30: [491 4] 0 0 1 0 0 0 0 1 0 
192: [486 4] 0 1 1 0 1 1 0 0 0 
170: [481 4] 1 0 0 1 1 0 0 0 1 
195: [448 4] 0 1 1 0 1 0 0 0 1 
171: [445 4] 1 0 0 1 0 1 1 0 0 
152: [431 4] 1 0 1 1 1 0 0 0 0 
193: [421 4] 0 1 1 0 1 0 1 0 0 
221: [421 4] 0 1 0 0 0 0 1 1 1 
85: [420 4] 0 1 0 1 0 0 0 0 1 
219: [418 4] 0 1 0 0 0 1 1 0 1 
93: [416 4] 0 1 0 0 0 0 1 1 0 
187: [414 4] 0 1 1 1 1 0 0 0 0 
255: [406 4] 0 0 0 0 1 0 1 1 1 
253: [405 4] 0 0 0 0 1 1 1 0 1 
233: [402 4] 0 0 1 0 1 1 0 1 0 
247: [399 4] 0 0 0 1 1 0 0 1 1 
87: [399 4] 0 1 0 0 1 0 1 0 0 
212: [397 4] 0 1 0 0 1 1 1 0 0 
232: [393 4] 0 0 1 0 1 1 1 0 0 
99: [391 4] 0 0 1 1 0 0 0 1 0 
237: [391 4] 0 0 1 0 1 0 0 1 1 
117: [390 4] 0 0 0 1 0 1 0 0 1 
59: [387 4] 1 0 1 0 0 0 0 0 1 
125: [386 4] 0 0 0 0 1 0 1 0 1 
39: [384 4] 0 0 0 0 1 0 0 1 0 
227: [383 4] 0 0 1 1 0 1 0 1 0 
102: [381 4] 0 0 1 0 1 0 1 0 0 
35: [380 4] 0 0 0 1 0 0 0 1 0 
115: [378 4] 0 0 0 1 0 1 1 0 0 
19: [376 4] 0 1 1 0 0 0 0 0 0 
73: [368 4] 1 0 0 0 0 0 1 0 1 
122: [368 4] 0 0 0 0 1 1 0 1 0 
182: [362 4] 1 0 0 0 1 0 0 1 1 
67: [359 4] 1 0 0 0 1 0 0 1 0 
162: [357 4] 1 0 1 0 0 1 0 1 0 
51: [356 4] 1 1 0 0 0 0 1 0 0 
9: [356 4] 0 0 0 0 0 0 0 1 0 
108: [354 4] 0 0 1 0 0 0 1 1 0 
43: [346 4] 0 0 0 0 0 1 0 0 1 
37: [346 4] 0 0 0 0 1 1 0 0 0 
109: [346 4] 0 0 1 0 0 0 1 0 1 
5: [331 4] 0 0 0 1 0 0 0 0 0 
26: [328 4] 0 0 1 1 0 0 0 0 0 
71: [321 4] 1 0 0 0 0 1 0 0 1 
7: [314 4] 0 0 0 0 0 1 0 0 0 
84: [221 4] 0 1 0 1 0 0 0 1 0 
106: [194 4] 0 0 1 0 0 1 0 1 0 
204: [500 3] 0 1 0 1 1 0 0 1 0 
218: [450 3] 0 1 0 0 0 1 1 1 0 
54: [440 3] 1 0 1 1 0 0 0 0 0 
242: [426 3] 0 0 0 1 1 1 1 0 0 
95: [421 3] 0 1 0 0 0 0 0 1 1 
167: [419 3] 1 0 0 1 1 1 0 0 0 
12: [410 3] 1 0 1 0 0 0 0 0 0 
213: [408 3] 0 1 0 0 1 1 0 1 0 
65: [408 3] 1 0 0 0 1 1 0 0 0 
79: [397 3] 0 1 1 0 0 0 0 1 0 
4: [393 3] 0 0 1 0 0 0 0 0 0 
27: [389 3] 0 0 1 0 1 0 0 0 0 
174: [388 3] 1 0 0 1 0 0 1 1 0 
141: [376 3] 1 1 0 1 0 0 0 0 1 
133: [374 3] 1 1 1 0 0 1 0 0 0 
154: [369 3] 1 0 1 1 0 0 1 0 0 
57: [365 3] 1 0 1 0 0 0 1 0 0 
119: [365 3] 0 0 0 1 0 0 1 0 1 
158: [365 3] 1 0 1 0 1 0 1 0 0 
16: [360 3] 1 0 0 0 0 0 1 0 0 
246: [359 3] 0 0 0 1 1 0 1 0 1 
235: [359 3] 0 0 1 0 1 0 1 1 0 
53: [357 3] 1 1 0 0 0 0 0 0 1 
240: [354 3] 0 0 1 0 0 1 0 1 1 
138: [353 3] 1 1 0 1 0 1 0 0 0 
2: [353 3] 1 0 0 0 0 0 0 0 0 
155: [352 3] 1 0 1 1 0 0 0 1 0 
47: [352 3] 1 1 1 0 0 0 0 0 0 
177: [352 3] 1 0 0 0 1 1 1 0 0 
113: [349 3] 0 0 0 1 1 0 0 1 0 
21: [349 3] 0 1 0 0 1 0 0 0 0 
18: [348 3] 1 0 0 0 0 0 0 0 1 
114: [347 3] 0 0 0 1 1 0 0 0 1 
77: [346 3] 0 1 1 0 0 1 0 0 0 
164: [346 3] 1 0 1 0 0 0 1 1 0 
186: [346 3] 1 0 0 0 0 0 1 1 1 
197: [346 3] 0 1 1 0 0 1 0 1 0 
129: [345 3] 0 0 0 0 0 1 0 1 1 
144: [343 3] 1 1 0 0 1 0 0 1 0 
249: [341 3] 0 0 0 1 0 1 1 0 1 
104: [336 3] 0 0 1 0 1 0 0 0 1 
160: [335 3] 1 0 1 0 1 0 0 0 1 
175: [328 3] 1 0 0 1 0 0 1 0 1 
176: [322 3] 1 0 0 1 0 0 0 1 1 
189: [322 3] 0 1 1 1 0 0 1 0 0 
91: [321 3] 0 1 0 0 0 1 0 1 0 
128: [319 3] 0 0 0 0 0 1 1 0 1 
183: [317 3] 1 0 0 0 0 1 1 1 0 
89: [317 3] 0 1 0 0 1 0 0 0 1 
70: [302 3] 1 0 0 0 0 1 0 1 0 
215: [302 3] 0 1 0 0 1 0 1 1 0 
32: [290 3] 0 0 0 1 1 0 0 0 0 
97: [289 3] 0 0 1 1 0 1 0 0 0 
64: [284 3] 1 0 0 1 0 0 0 0 1 
165: [282 3] 1 0 1 0 0 0 1 0 1 
24: [273 3] 0 1 0 0 0 0 0 1 0 
41: [266 3] 0 0 0 0 0 1 1 0 0 
105: [198 3] 0 0 1 0 0 1 1 0 0 
166: [453 2] 1 0 1 0 0 0 0 1 1 
92: [453 2] 0 1 0 0 0 1 0 0 1 
127: [429 2] 0 0 0 0 0 1 1 1 0 
190: [429 2] 0 1 1 1 0 0 0 1 0 
250: [411 2] 0 0 0 1 0 1 0 1 1 
1: [400 2] 0 0 0 0 0 0 0 0 0 
198: [396 2] 0 1 1 0 0 1 0 0 1 
184: [395 2] 1 0 0 0 0 1 1 0 1 
48: [392 2] 1 1 0 1 0 0 0 0 0 
130: [391 2] 0 0 0 0 0 0 1 1 1 
239: [386 2] 0 0 1 0 0 1 1 0 1 
58: [377 2] 1 0 1 0 0 0 0 1 0 
80: [374 2] 0 1 1 0 0 0 0 0 1 
103: [366 2] 0 0 1 0 1 0 0 1 0 
236: [356 2] 0 0 1 0 1 0 1 0 1 
178: [355 2] 1 0 0 0 1 1 0 1 0 
134: [352 2] 1 1 1 0 0 0 1 0 0 
63: [348 2] 1 0 0 1 0 0 0 1 0 
96: [345 2] 0 0 1 1 1 0 0 0 0 
159: [343 2] 1 0 1 0 1 0 0 1 0 
137: [342 2] 1 1 0 1 1 0 0 0 0 
214: [335 2] 0 1 0 0 1 1 0 0 1 
98: [332 2] 0 0 1 1 0 0 1 0 0 
31: [326 2] 0 0 1 0 0 0 0 0 1 
78: [324 2] 0 1 1 0 0 0 1 0 0 
185: [324 2] 1 0 0 0 0 1 0 1 1 
161: [322 2] 1 0 1 0 0 1 1 0 0 
173: [321 2] 1 0 0 1 0 1 0 0 1 
245: [320 2] 0 0 0 1 1 0 1 1 0 
28: [316 2] 0 0 1 0 0 1 0 0 0 
42: [316 2] 0 0 0 0 0 1 0 1 0 
17: [316 2] 1 0 0 0 0 0 0 1 0 
120: [315 2] 0 0 0 1 0 0 0 1 1 
241: [307 2] 0 0 1 0 0 0 1 1 1 
69: [305 2] 1 0 0 0 0 1 1 0 0 
22: [302 2] 0 1 0 0 0 1 0 0 0 
168: [300 2] 1 0 0 1 1 0 1 0 0 
90: [300 2] 0 1 0 0 0 1 1 0 0 
142: [297 2] 1 1 0 0 1 1 0 0 0 
23: [296 2] 0 1 0 0 0 0 1 0 0 
143: [294 2] 1 1 0 0 1 0 1 0 0 
217: [286 2] 0 1 0 0 1 0 0 1 1 
157: [283 2] 1 0 1 0 1 1 0 0 0 
203: [276 2] 0 1 0 1 1 0 1 0 0 
163: [269 2] 1 0 1 0 0 1 0 0 1 
216: [264 2] 0 1 0 0 1 0 1 0 1 
156: [260 2] 1 0 1 1 0 0 0 0 1 
66: [258 2] 1 0 0 0 1 0 1 0 0 
3: [250 2] 0 1 0 0 0 0 0 0 0 
153: [241 2] 1 0 1 1 0 1 0 0 0 
11: [229 2] 1 1 0 0 0 0 0 0 0 
15: [225 2] 1 0 0 0 0 1 0 0 0 
107: [156 2] 0 0 1 0 0 1 0 0 1 
222: [391 1] 0 0 1 1 1 1 0 0 0 
196: [387 1] 0 1 1 0 0 1 1 0 0 
228: [358 1] 0 0 1 1 0 1 0 0 1 
25: [353 1] 0 1 0 0 0 0 0 0 1 
10: [346 1] 0 0 0 0 0 0 0 0 1 
124: [345 1] 0 0 0 0 1 0 1 1 0 
231: [343 1] 0 0 1 1 0 0 0 1 1 
74: [341 1] 1 0 0 0 0 0 0 1 1 
188: [337 1] 0 1 1 1 0 1 0 0 0 
8: [336 1] 0 0 0 0 0 0 1 0 0 
60: [330 1] 1 0 0 1 1 0 0 0 0 
88: [326 1] 0 1 0 0 1 0 0 1 0 
36: [325 1] 0 0 0 1 0 0 0 0 1 
220: [324 1] 0 1 0 0 0 1 0 1 1 
194: [324 1] 0 1 1 0 1 0 0 1 0 
145: [315 1] 1 1 0 0 1 0 0 0 1 
38: [306 1] 0 0 0 0 1 0 1 0 0 
248: [305 1] 0 0 0 1 0 1 1 1 0 
201: [305 1] 0 1 1 0 0 0 0 1 1 
126: [303 1] 0 0 0 0 1 0 0 1 1 
72: [303 1] 1 0 0 0 0 0 1 1 0 
40: [299 1] 0 0 0 0 1 0 0 0 1 
256: [297 1] 0 0 0 0 0 1 1 1 1 
191: [296 1] 0 1 1 1 0 0 0 0 1 
211: [292 1] 0 1 0 1 0 0 0 1 1 
169: [290 1] 1 0 0 1 1 0 0 1 0 
6: [289 1] 0 0 0 0 1 0 0 0 0 
118: [287 1] 0 0 0 1 0 0 1 1 0 
52: [285 1] 1 1 0 0 0 0 0 1 0 
101: [284 1] 0 0 1 0 1 1 0 0 0 
181: [279 1] 1 0 0 0 1 0 1 0 1 
172: [276 1] 1 0 0 1 0 1 0 1 0 
83: [276 1] 0 1 0 1 0 0 1 0 0 
20: [275 1] 0 1 0 1 0 0 0 0 0 
110: [271 1] 0 0 1 0 0 0 0 1 1 
86: [269 1] 0 1 0 0 1 1 0 0 0 
139: [268 1] 1 1 0 1 0 0 1 0 0 
238: [265 1] 0 0 1 0 0 1 1 1 0 
234: [260 1] 0 0 1 0 1 1 0 0 1 
100: [256 1] 0 0 1 1 0 0 0 0 1 
151: [254 1] 1 1 0 0 0 0 0 1 1 
94: [253 1] 0 1 0 0 0 0 1 0 1 
44: [234 1] 0 0 0 0 0 0 1 1 0 
116: [233 1] 0 0 0 1 0 1 0 1 0 
208: [225 1] 0 1 0 1 0 1 0 0 1 
254: [218 1] 0 0 0 0 1 1 0 1 1 
121: [216 1] 0 0 0 0 1 1 1 0 0 
68: [213 1] 1 0 0 0 1 0 0 0 1 
29: [208 1] 0 0 1 0 0 0 1 0 0 
362: [345 0] 0 0 1 1 1 1 1 0 0 
360: [345 0] 0 1 0 0 1 0 1 1 1 
364: [345 0] 0 0 1 1 1 1 0 0 1 
358: [345 0] 0 1 0 0 1 1 1 0 1 
366: [345 0] 0 0 1 1 1 0 1 0 1 
356: [345 0] 0 1 0 1 0 0 1 1 1 
368: [345 0] 0 0 1 1 0 1 1 1 0 
354: [345 0] 0 1 0 1 0 1 1 0 1 
370: [345 0] 0 0 1 1 0 1 0 1 1 
352: [345 0] 0 1 0 1 1 0 0 1 1 
372: [345 0] 0 0 1 0 1 1 1 1 0 
350: [345 0] 0 1 0 1 1 0 1 1 0 
374: [345 0] 0 0 1 0 1 1 0 1 1 
348: [345 0] 0 1 0 1 1 1 0 1 0 
376: [345 0] 0 0 1 0 0 1 1 1 1 
346: [345 0] 0 1 1 0 0 0 1 1 1 
378: [345 0] 0 0 0 1 1 1 1 0 1 
344: [345 0] 0 1 1 0 0 1 1 0 1 
380: [345 0] 0 0 0 1 1 0 1 1 1 
342: [345 0] 0 1 1 0 1 0 0 1 1 
382: [345 0] 0 0 0 0 1 1 1 1 1 
340: [345 0] 0 1 1 0 1 0 1 1 0 
384: [345 0] 1 1 1 1 1 0 1 0 0 
338: [345 0] 0 1 1 0 1 1 0 1 0 
386: [345 0] 1 1 1 1 1 0 0 0 1 
336: [345 0] 0 1 1 1 0 0 0 1 1 
388: [345 0] 1 1 1 1 0 1 0 1 0 
334: [345 0] 0 1 1 1 0 0 1 1 0 
390: [345 0] 1 1 1 1 0 0 1 1 0 
332: [345 0] 0 1 1 1 0 1 0 1 0 
392: [345 0] 1 1 1 1 0 0 0 1 1 
330: [345 0] 0 1 1 1 1 0 0 0 1 
394: [345 0] 1 1 1 0 1 1 0 1 0 
328: [345 0] 0 1 1 1 1 0 1 0 0 
396: [345 0] 1 1 1 0 1 0 1 1 0 
326: [345 0] 1 0 0 0 0 1 1 1 1 
398: [345 0] 1 1 1 0 1 0 0 1 1 
324: [345 0] 1 0 0 0 1 1 0 1 1 
400: [345 0] 1 1 1 0 0 1 1 0 1 
322: [345 0] 1 0 0 0 1 1 1 1 0 
402: [345 0] 1 1 1 0 0 0 1 1 1 
320: [345 0] 1 0 0 1 0 1 0 1 1 
404: [345 0] 1 1 0 1 1 1 0 1 0 
318: [345 0] 1 0 0 1 0 1 1 1 0 
406: [345 0] 1 1 0 1 1 0 1 1 0 
316: [345 0] 1 0 0 1 1 0 1 0 1 
408: [345 0] 1 1 0 1 1 0 0 1 1 
314: [345 0] 1 0 0 1 1 1 0 0 1 
410: [345 0] 1 1 0 1 0 1 1 0 1 
312: [345 0] 1 0 0 1 1 1 1 0 0 
412: [345 0] 1 1 0 1 0 0 1 1 1 
310: [345 0] 1 0 1 0 0 1 0 1 1 
414: [345 0] 1 1 0 0 1 1 1 0 1 
308: [345 0] 1 0 1 0 0 1 1 1 0 
416: [345 0] 1 1 0 0 1 0 1 1 1 
306: [345 0] 1 0 1 0 1 0 1 0 1 
418: [345 0] 1 0 1 1 1 1 1 0 0 
304: [345 0] 1 0 1 0 1 1 0 0 1 
420: [345 0] 1 0 1 1 1 1 0 0 1 
302: [345 0] 1 0 1 0 1 1 1 0 0 
422: [345 0] 1 0 1 1 1 0 1 0 1 
300: [345 0] 1 0 1 1 0 0 1 0 1 
424: [345 0] 1 0 1 1 0 1 1 1 0 
298: [345 0] 1 0 1 1 0 1 0 0 1 
426: [345 0] 1 0 1 1 0 1 0 1 1 
296: [345 0] 1 0 1 1 0 1 1 0 0 
428: [345 0] 1 0 1 0 1 1 1 1 0 
294: [345 0] 1 0 1 1 1 0 0 1 0 
430: [345 0] 1 0 1 0 1 1 0 1 1 
292: [345 0] 1 0 1 1 1 1 0 0 0 
432: [345 0] 1 0 1 0 0 1 1 1 1 
290: [345 0] 1 1 0 0 0 1 0 1 1 
434: [345 0] 1 0 0 1 1 1 1 0 1 
288: [345 0] 1 1 0 0 0 1 1 1 0 
436: [345 0] 1 0 0 1 1 0 1 1 1 
286: [345 0] 1 1 0 0 1 0 1 0 1 
438: [345 0] 1 0 0 0 1 1 1 1 1 
284: [345 0] 1 1 0 0 1 1 0 0 1 
440: [345 0] 0 1 1 1 1 1 0 1 0 
282: [345 0] 1 1 0 0 1 1 1 0 0 
442: [345 0] 0 1 1 1 1 0 1 1 0 
280: [345 0] 1 1 0 1 0 0 1 0 1 
444: [345 0] 0 1 1 1 1 0 0 1 1 
278: [345 0] 1 1 0 1 0 1 0 0 1 
446: [345 0] 0 1 1 1 0 1 1 0 1 
276: [345 0] 1 1 0 1 0 1 1 0 0 
448: [345 0] 0 1 1 1 0 0 1 1 1 
274: [345 0] 1 1 0 1 1 0 0 1 0 
450: [345 0] 0 1 1 0 1 1 1 0 1 
272: [345 0] 1 1 0 1 1 1 0 0 0 
452: [345 0] 0 1 1 0 1 0 1 1 1 
270: [345 0] 1 1 1 0 0 0 1 0 1 
454: [345 0] 0 1 0 1 1 1 1 1 0 
268: [345 0] 1 1 1 0 0 1 0 0 1 
456: [345 0] 0 1 0 1 1 1 0 1 1 
266: [345 0] 1 1 1 0 0 1 1 0 0 
458: [345 0] 0 1 0 1 0 1 1 1 1 
264: [345 0] 1 1 1 0 1 0 0 1 0 
460: [345 0] 0 0 1 1 1 1 1 1 0 
262: [345 0] 1 1 1 0 1 1 0 0 0 
462: [345 0] 0 0 1 1 1 1 0 1 1 
260: [345 0] 1 1 1 1 0 0 0 1 0 
464: [345 0] 0 0 1 1 0 1 1 1 1 
258: [345 0] 1 1 1 1 0 1 0 0 0 
466: [345 0] 0 0 0 1 1 1 1 1 1 
512: [345 0] 1 1 1 1 1 1 1 1 1 
468: [345 0] 1 1 1 1 1 1 0 1 0 
510: [345 0] 1 0 1 1 1 1 1 1 1 
470: [345 0] 1 1 1 1 1 0 1 1 0 
508: [345 0] 1 1 1 0 1 1 1 1 1 
472: [345 0] 1 1 1 1 1 0 0 1 1 
506: [345 0] 1 1 1 1 1 0 1 1 1 
474: [345 0] 1 1 1 1 0 1 1 0 1 
504: [345 0] 1 1 1 1 1 1 1 0 1 
476: [345 0] 1 1 1 1 0 0 1 1 1 
502: [345 0] 0 0 1 1 1 1 1 1 1 
478: [345 0] 1 1 1 0 1 1 1 0 1 
500: [345 0] 0 1 1 0 1 1 1 1 1 
480: [345 0] 1 1 1 0 1 0 1 1 1 
498: [345 0] 0 1 1 1 1 0 1 1 1 
482: [345 0] 1 1 0 1 1 1 1 1 0 
496: [345 0] 0 1 1 1 1 1 1 0 1 
484: [345 0] 1 1 0 1 1 1 0 1 1 
494: [345 0] 1 0 0 1 1 1 1 1 1 
486: [345 0] 1 1 0 1 0 1 1 1 1 
492: [345 0] 1 0 1 1 0 1 1 1 1 
488: [345 0] 1 0 1 1 1 1 1 1 0 
490: [345 0] 1 0 1 1 1 1 0 1 1 
210: [336 0] 0 1 0 1 0 0 1 0 1 
200: [333 0] 0 1 1 0 0 0 1 0 1 
62: [307 0] 1 0 0 1 0 0 1 0 0 
56: [299 0] 1 0 1 0 0 1 0 0 0 
50: [298 0] 1 1 0 0 0 1 0 0 0 
147: [282 0] 1 1 0 0 0 1 0 1 0 
136: [277 0] 1 1 1 0 0 0 0 0 1 
206: [276 0] 0 1 0 1 0 1 1 0 0 
34: [276 0] 0 0 0 1 0 0 1 0 0 
112: [268 0] 0 0 0 1 1 0 1 0 0 
180: [267 0] 1 0 0 0 1 0 1 1 0 
229: [265 0] 0 0 1 1 0 0 1 1 0 
149: [263 0] 1 1 0 0 0 0 1 1 0 
244: [258 0] 0 0 0 1 1 1 0 0 1 
252: [256 0] 0 0 0 0 1 1 1 1 0 
14: [249 0] 1 0 0 0 1 0 0 0 0 
82: [244 0] 0 1 0 1 0 1 0 0 0 
224: [244 0] 0 0 1 1 1 0 0 1 0 
76: [242 0] 0 1 1 0 1 0 0 0 0 
226: [226 0] 0 0 1 1 0 1 1 0 0 
132: [223 0] 1 1 1 0 1 0 0 0 0 
46: [200 0] 0 0 0 0 0 0 0 1 1 
0: [0 0] 
